1585
593
1637
1661
209
329
1463
1113
2037
1845
45
179
69
1595
1773
1121
635
1163
213
967
33
1863
935
1473
945
1881
1003
851
321
1497
1515
793
1037
533
65
1553
1867
151
991
367
489
407
1983
1607
2003
905
167
1631
1071
1957
1915
429
21
821
573
413
1283
1715
1799
677
1873
211
1857
1201
551
877
369
495
687
857
1761
797
973
881
31
501
265
1505
1789
1865
1481
833
1059
1999
1577
1041
1917
307
977
427
1229
557
1849
27
605
1405
2025
1133
523
95
1369
1453
779
1085
943
577
817
1871
417
1489
1303
469
269
1237
1251
1781
343
185
1985
647
157
1943
273
763
2041
1487
75
931
271
1173
1757
107
1727
619
655
1089
847
1573
1925
941
243
149
1439
567
293
3
1931
1197
1933
161
1239
955
815
969
1485
875
1103
1763
549
89
1123
473
229
503
1131
1367
1
813
2001
1605
459
1599
993
1297
701
1079
671
285
1391
2035
1209
471
113
217
1981
395
359
1343
39
963
145
985
1817
1921
893
499
889
19
1879
137
1811
657
1711
595
1549
633
1393
1899
1609
1389
1007
465
371
1945
397
1023
1579
1667
1159
1649
1057
1783
1081
1653
327
1021
477
5
339
215
691
2019
673
1493
1565
783
735
1561
581
569
747
1583
1903
381
1551
555
537
731
1005
135
753
131
1847
861
1379
53
205
401
1373
207
1619
303
1979
1993
159
923
1721
545
11
143
375
1645
803
257
1825
771
639
1331
1989
1623
1191
1177
1329
885
823
825
679
267
1759
979
1215
1067
1319
1127
1525
415
1287
1143
1787
1635
591
1009
1315
139
999
1893
681
1951
1099
1853
1195
357
1149
1415
579
871
319
981
1687
1965
1151
845
1907
251
1097
71
1273
111
1117
83
897
115
169
1295
1747
203
903
2009
325
1185
725
1469
1681
1719
61
1075
1501
925
603
837
227
1255
43
915
1387
1617
155
689
1323
1745
1655
1633
649
637
697
1641
733
997
2005
411
129
247
653
281
1703
237
827
67
235
485
601
9
1325
597
855
1813
1591
379
1765
831
1403
859
1345
1411
453
1053
1659
283
1205
1073
615
445
421
1279
1421
1167
433
1429
907
699
441
199
373
1697
933
349
391
1443
1521
345
1001
1539
1987
1639
843
223
121
1063
1725
707
1861
777
1137
1045
1109
1477
1567
761
1555
1125
1243
483
79
1767
719
1437
51
1557
1841
1689
47
287
1673
1647
1967
1779
607
1753
1457
1161
2013
983
85
1115
949
1181
1459
1937
1281
123
1047
1657
1897
249
1851
1231
1901
959
1593
317
1431
1169
103
1061
901
1569
811
1613
1615
163
1225
663
1643
1815
869
1311
541
919
305
263
1741
1705
37
2015
543
1819
1049
765
1445
1247
299
1827
1969
389
1015
1953
1165
589
35
685
1349
423
181
1305
863
1829
323
807
895
353
451
891
1101
667
1909
727
1327
623
1695
1065
313
1465
1135
1843
1837
1597
1261
913
621
467
1091
953
109
1581
571
749
337
1107
1479
721
1351
1801
331
63
1039
2021
665
255
355
599
1885
1693
2011
1353
757
1451
363
1029
1435
1069
989
1895
829
631
1017
1769
189
1245
1971
1751
627
1347
1809
333
1219
1679
669
1913
1771
1285
1663
177
683
383
1671
1309
105
1611
1175
1927
1547
1949
741
365
1691
703
55
1377
1575
1203
563
301
1359
1355
1235
1455
165
191
1833
1289
611
781
171
1019
1307
1959
1563
1531
583
1155
1077
1277
17
513
1995
279
1385
77
787
1153
335
695
629
565
561
651
1275
291
23
1095
553
1533
515
751
795
1509
1775
921
57
2039
1223
1629
2043
1335
289
1835
245
1321
1423
2023
1011
1141
675
1227
1207
717
1371
153
853
835
405
1877
1055
711
1527
311
1887
1535
1293
1797
1397
693
1991
617
1031
867
947
1313
987
849
1471
1381
1683
1187
1675
1807
361
463
1975
59
201
1301
865
1401
971
13
1701
1955
1129
951
1449
661
351
487
927
1777
525
479
2007
425
1543
1805
1517
419
29
775
93
1523
1365
767
625
1977
709
1027
505
1821
1503
253
241
1919
527
1413
1735
1193
1217
609
393
1299
101
879
799
1211
261
297
965
659
841
939
125
1291
2029
259
801
399
1541
511
1669
937
1743
1267
1395
715
409
435
1749
1447
755
315
225
705
1739
645
455
2017
1427
773
233
1375
309
1139
147
1911
1157
133
531
1935
1467
1795
99
509
1339
491
1111
1119
535
1717
1399
219
1723
119
975
1145
1905
2045
1627
1707
961
141
1511
1677
759
1793
2027
7
723
221
643
521
2047
1625
547
743
1221
1425
1147
197
341
789
1883
497
1939
539
769
1709
49
1891
175
1475
739
1093
1189
1213
387
1333
25
887
1889
1433
439
195
1249
1033
183
1337
1601
929
1407
1651
1183
899
1087
883
2031
507
1875
517
1233
1507
447
1923
117
187
1699
173
1929
1271
1859
1495
475
1199
1499
87
81
1621
1171
805
737
713
1755
1941
1341
1737
1589
231
403
1179
1051
449
1253
839
1731
91
1491
1587
295
1947
1839
519
1083
911
385
1013
1513
457
1257
15
481
97
193
1803
1685
437
1357
1529
1263
1259
1733
431
1441
443
1785
1729
585
1963
1409
1035
1869
1417
613
1545
239
995
917
1269
1419
1363
559
1665
529
809
1383
493
73
1241
1997
1537
377
1823
729
1571
1461
347
461
641
1317
909
1713
1025
275
1361
1603
1973
2033
873
1961
1105
1559
1483
41
1043
1519
277
791
819
1855
127
1265
1831
575
745
587
785
957
1791
