1251
1975
1293
1499
323
715
57
127
1179
1221
1847
1231
1665
925
583
7
619
1803
547
1365
773
1481
849
747
39
1333
281
173
2001
1621
83
179
751
147
1575
695
1611
13
611
601
1569
903
1925
1003
371
887
165
1899
1111
1037
1127
377
955
759
1657
1075
1911
2047
233
1563
1719
483
1933
713
991
997
1377
1591
1557
445
1145
2029
1093
1913
1361
415
1921
701
61
373
123
237
867
949
1545
163
1619
221
681
1967
623
361
185
65
1043
731
1513
1793
627
193
789
1277
937
505
915
63
1319
1431
1393
575
1873
1447
879
91
81
591
359
791
1325
1763
1109
29
797
645
197
1931
1403
1039
571
777
345
1071
1173
1817
1239
1487
343
1889
809
1509
1877
217
2023
669
1905
1929
843
55
1265
101
1659
1017
307
405
1141
961
643
5
1797
1457
1941
807
1281
1717
1107
503
1897
953
247
137
1337
1311
1117
1295
381
1771
639
801
1391
709
927
837
259
1027
1057
491
407
765
485
2003
135
1299
727
873
535
325
109
1691
263
1099
691
133
105
735
227
213
595
951
395
525
833
1197
357
1247
947
1373
1759
1033
1149
1489
461
1843
1095
1769
1129
549
679
261
1915
1729
767
313
1865
339
1875
391
1711
1675
1249
1025
201
1957
1883
1289
443
607
1553
1787
729
311
699
437
993
1321
1425
663
1465
1083
1301
967
1747
1131
719
1735
1969
239
161
929
285
153
303
1829
1009
1177
827
1963
959
1451
329
477
517
1879
141
705
2007
631
919
1157
563
321
835
245
793
287
1477
75
1077
1305
1303
379
1015
995
1329
327
387
435
1215
1013
1483
825
1609
1419
1991
1371
909
577
425
905
1981
447
1667
1461
1089
1583
19
895
1491
451
795
1479
1819
1063
1473
1171
559
1357
1007
1885
1383
255
1379
1187
983
441
971
1449
1267
911
1101
177
1223
1515
819
1381
813
363
1519
423
1917
2041
1551
1695
509
1681
877
799
533
1589
1723
803
1263
1775
225
1207
1339
1225
337
1307
79
385
1269
1291
333
1257
413
1023
1839
1327
1401
603
605
1871
1603
335
1737
723
1113
499
1273
1059
1663
1705
1297
741
529
1993
1617
613
617
831
897
207
629
1745
71
1561
783
1397
1237
1323
1389
1649
111
1135
1087
125
355
1831
9
1631
1709
289
1795
1923
229
2045
1773
821
2037
1143
1559
89
189
1175
2015
1985
93
1781
1733
315
37
683
113
1139
1739
1235
1031
33
495
769
1309
921
1367
1213
47
365
1799
1645
1189
367
1987
1035
471
543
1199
375
421
805
635
893
1785
1153
1927
305
383
151
541
1767
1937
1409
989
717
1567
537
369
1979
869
479
1571
1433
637
283
1061
235
1415
687
1841
1073
673
923
501
1753
999
1983
513
1369
1903
1945
1907
1943
1259
1755
403
203
965
277
817
429
1671
167
2021
1995
1501
1857
1683
1355
1887
553
555
981
749
243
2005
1455
1181
353
1051
1741
1387
1869
975
1961
389
1801
829
1475
1629
667
1863
561
1633
641
855
1685
21
901
1161
565
891
1217
1533
1525
131
341
293
1105
1605
531
1511
1699
1067
589
1565
1343
1041
1253
1137
861
1751
1459
1331
1517
1635
53
737
481
1413
1429
1851
73
1205
2027
473
593
2039
653
1471
823
615
1313
1363
1973
67
175
943
279
1893
677
45
1019
1953
1727
1011
859
775
815
1783
1345
711
1827
393
199
977
1547
51
1507
1615
1895
1045
1891
1999
1653
1529
117
1065
143
1721
269
881
2011
1227
733
1693
659
107
1503
1853
707
1861
1399
899
1835
963
1815
875
1261
2031
1655
455
1849
1233
1901
1697
841
297
1505
1523
1283
465
1271
557
1405
1243
171
457
1159
1081
1279
1183
721
1335
1229
763
685
647
1597
43
847
1441
31
439
551
49
265
1201
1351
1823
1119
1423
1677
521
271
863
1287
1579
1453
449
23
295
1689
939
27
419
1209
857
1637
1599
211
1121
469
1195
1593
493
987
431
497
871
599
655
1133
1625
1203
191
1411
1167
787
59
1949
2017
693
399
1535
573
299
743
349
941
1805
579
1097
1807
1821
917
1647
907
1001
251
1495
1165
1669
1639
1085
401
671
1791
241
1155
257
567
463
979
1427
1255
1555
1673
2033
1349
1595
1947
1577
1151
661
1725
1977
17
1115
1549
609
169
1005
155
761
417
41
411
1353
467
219
581
1047
1435
85
519
853
511
2043
433
649
319
69
781
1965
1613
427
1485
1123
545
1779
2019
1069
157
205
223
77
1421
1191
119
1443
115
811
1855
2009
539
1193
351
527
839
129
1909
1463
275
1169
183
757
1417
1701
215
1275
1707
1347
1467
569
739
1601
1939
187
475
1241
771
1743
935
1079
675
99
1809
331
249
913
1651
1881
1919
1315
689
1573
1581
1125
2035
409
1845
1029
1375
1163
725
453
95
1761
1833
267
889
587
703
1103
1317
1989
317
397
1971
625
459
1959
1643
523
291
945
697
1285
1211
885
753
3
1493
1955
2013
785
1049
1521
1859
301
745
755
1765
969
1935
1537
11
657
87
35
15
1951
931
181
651
309
273
1813
1185
1055
507
633
1437
1731
1867
1053
779
1789
1091
1749
585
1679
1687
1021
973
851
1811
489
957
1997
933
2025
1661
209
1
159
1341
1837
195
1407
985
1245
1777
1641
487
145
25
1531
149
121
1541
347
103
597
139
1825
1623
1445
1607
1469
515
97
1219
845
1497
1703
1359
1757
1627
1585
1587
1539
1713
253
883
1715
1395
231
1385
665
1543
621
865
1439
1147
1527
