1247
1621
1189
1419
1389
1611
1489
849
687
681
709
1295
1703
1045
925
153
1093
1883
13
1655
1127
561
1827
1629
367
1823
451
197
1393
325
883
601
521
1987
2007
645
1367
965
1129
2031
745
355
1863
1915
1809
1349
1159
1395
1103
1441
651
167
1271
1695
1427
1285
1751
1119
427
891
1059
1167
997
1737
395
1935
171
39
271
1277
483
1527
899
1327
763
783
971
331
1995
1817
371
887
1125
1759
421
1243
819
181
1933
425
91
607
1447
1551
1769
2017
477
1689
1121
1375
1467
1969
407
1835
1719
447
721
163
131
593
1521
1843
1065
755
1541
1297
493
955
1221
277
225
1365
1967
1711
817
1063
1685
2021
1537
671
1945
995
79
595
3
619
551
397
33
643
1775
229
1921
689
117
695
1289
141
897
2045
1115
161
81
1993
1783
923
869
37
235
545
611
1763
747
573
1591
1507
567
1875
1117
1645
961
157
1399
1415
495
1123
183
1673
1977
1437
831
1009
1925
1061
1111
1709
1195
803
19
861
279
1155
1359
1851
1717
143
1455
379
1265
719
1599
1387
1855
345
515
855
743
933
1003
195
337
1983
797
1861
2041
1671
77
1777
775
461
1929
907
1887
189
323
67
1385
1753
1325
1745
99
1999
1481
503
111
1161
199
343
765
637
1881
1473
1997
1957
273
291
289
247
1135
1547
669
1523
1857
1561
399
1525
909
1403
327
1439
1
665
1145
1601
1615
1355
791
227
1203
1251
213
1227
1435
1605
73
863
1833
1101
53
1885
463
1075
1539
1747
1791
393
1053
1559
1647
1347
1555
905
1085
635
1635
1975
981
329
599
105
151
233
979
1509
579
941
1505
1789
253
1765
1991
133
145
1141
1333
1739
519
647
411
305
1361
369
917
295
1407
793
1651
1923
1199
391
1275
423
285
1307
1087
1021
1249
487
1583
103
1323
2015
1257
147
1927
1099
673
31
659
713
1241
1691
27
313
23
1345
1895
1579
639
1917
319
1461
1873
243
1181
505
1773
435
481
875
1563
1771
867
1423
1049
1309
1459
1071
969
1909
1553
1369
433
1011
255
705
1839
1631
45
1069
275
1811
1557
1637
509
315
1235
1973
1761
1037
281
1173
107
193
1585
469
739
1499
1315
2023
1237
453
2005
813
873
1137
1831
135
1479
1793
691
441
543
1381
1989
1283
1657
825
1517
809
1031
871
1329
43
1343
1511
5
351
1231
429
589
209
301
1383
1091
9
239
215
265
1829
1865
177
701
1825
1497
1639
1287
853
101
769
623
837
807
1955
491
1411
1405
547
87
251
71
725
661
1871
1019
1067
1971
1445
1961
963
269
1105
1543
283
61
1001
1819
1623
1413
993
1225
1879
1017
15
939
1341
357
1047
1353
929
1681
375
1025
1185
479
287
1417
1109
827
2011
2025
753
1205
585
511
1947
539
1113
785
839
249
657
537
1313
1573
339
953
531
1443
365
155
1607
1781
1005
237
1483
333
1255
1807
1207
63
415
699
1785
729
1951
59
465
655
1259
1705
1779
1633
373
1669
65
231
259
1679
1339
1029
403
2047
1845
1567
443
1465
1197
881
751
915
85
1431
1215
1903
1801
1877
771
1743
2033
1697
115
1379
575
711
949
1051
1659
49
353
1545
707
1587
2009
139
777
1677
549
409
1943
1391
119
587
1451
359
1597
1377
121
1023
1757
47
1187
801
123
159
1233
1901
317
845
911
731
1331
1675
513
1627
931
201
749
761
1211
129
445
1425
1301
1433
1741
977
1263
11
835
569
1209
779
1569
1959
457
1229
361
1911
51
1179
693
741
207
1837
641
75
25
497
1767
1463
823
485
1149
267
1245
1535
385
1281
967
1699
975
767
55
211
985
667
455
2043
591
829
405
1725
1183
1097
959
903
1707
1913
1057
1893
1953
609
527
363
149
781
95
89
1293
945
529
1577
927
563
471
901
389
627
219
21
1335
1683
1491
1147
733
173
1755
1363
1795
1513
717
1013
1821
603
663
1081
957
1931
1813
303
1043
1421
335
223
1797
525
1941
347
1565
795
1487
1319
1475
169
1529
559
1619
205
1219
1735
1575
431
1501
1485
341
727
1401
1453
1041
1667
1939
1867
841
987
1193
297
1613
1027
41
1919
1723
1713
83
1449
2035
1641
553
263
1571
865
437
805
1303
7
245
1429
1477
947
1239
1253
1985
913
1617
889
1291
1261
377
175
1889
1503
1733
109
1471
541
1731
633
1223
1269
1515
1079
449
309
1139
815
1891
799
973
1581
1609
535
241
1849
2039
1979
517
383
1847
1649
859
951
321
401
1273
613
1907
679
677
1897
921
1531
125
221
165
69
1409
1299
1693
381
919
857
683
1519
1787
1311
97
459
893
843
113
1151
1799
1589
1171
311
93
1905
811
1701
1625
1937
417
1007
1279
583
1643
489
1665
879
649
1749
1177
57
1163
137
299
631
1859
1595
1107
1661
1721
1899
737
789
1033
187
847
203
851
885
1201
1495
523
557
1157
653
1351
1457
1267
179
625
833
1869
821
1089
29
1073
1727
723
1035
307
185
1533
2003
1175
703
2029
1965
1373
1191
1469
2001
293
261
2037
1371
2027
191
989
1687
581
555
991
685
439
35
1169
1963
1663
1083
387
935
467
629
473
999
2019
1143
1653
1397
1095
1841
1493
1815
1853
1133
571
1949
1317
501
597
1321
1039
1549
1803
1805
349
735
877
419
1165
217
533
1077
605
1015
1729
257
1213
499
1715
1305
577
1337
1131
621
773
1055
565
127
617
413
759
787
1217
1357
715
1603
757
1153
895
697
983
937
507
1981
17
2013
615
675
475
943
1593
