1729
1045
255
1163
127
1161
939
485
1251
1047
951
373
3
879
421
1665
1073
349
595
1777
927
51
161
969
1845
589
289
963
47
223
1059
1229
1057
1747
1365
59
1975
1321
535
287
1499
1055
1009
1487
371
765
1401
211
1959
1121
837
1993
1705
957
841
285
125
1237
71
1207
941
251
815
183
1437
1379
229
2029
909
1847
1955
981
2027
671
1681
1323
1831
911
1725
1153
2047
1817
147
61
1989
1343
141
1763
87
437
233
821
781
409
415
1813
1349
101
237
1363
1841
1167
1097
875
1591
689
1895
413
1021
1091
1727
917
1913
987
761
1651
1419
1833
531
1061
2037
1825
1335
659
31
441
249
67
2009
177
979
1425
869
621
1721
1241
989
853
1105
905
85
1063
197
1575
41
355
235
1187
2043
1253
1457
1951
1039
643
631
1469
205
483
697
295
313
1299
217
713
881
1411
1245
1261
1769
1223
1215
1265
1389
1271
635
1551
1699
107
633
1691
1579
945
1137
833
321
655
789
151
15
1957
673
1641
1781
1643
859
1671
1501
597
913
1277
679
1627
1879
1991
1267
1537
1883
1017
57
1731
1001
741
1131
1821
1243
1461
2021
929
1745
1307
317
1573
2015
1035
155
1041
339
1599
1555
773
1093
625
1861
149
1749
327
1293
91
1199
1159
641
1943
1409
529
617
1147
1385
993
1421
1235
1517
271
717
795
1515
13
819
1737
1563
1375
1917
1679
99
247
1311
895
883
933
1907
1693
1151
961
1759
1117
493
1507
201
323
1077
579
399
661
1659
171
991
629
1797
733
1259
847
395
1113
1133
1043
63
1511
843
1949
1849
1403
555
1735
1315
1381
345
27
453
1475
1155
1209
1703
347
1843
1529
1565
1647
165
517
1587
179
1149
759
97
1829
299
69
1521
2039
1997
1195
507
341
1221
725
677
585
1715
1601
1361
383
829
311
651
817
1621
119
985
573
1205
471
163
1157
1217
807
109
1431
21
1291
1123
2001
1449
975
459
181
623
1733
245
25
1099
1577
187
707
1929
1029
569
549
273
935
455
967
751
803
687
209
351
83
465
681
1983
1891
331
1967
2013
703
1101
699
1357
1543
375
111
1373
1087
1755
447
1011
971
1787
1067
1447
1605
1689
319
139
79
359
2035
389
1491
1783
767
1961
219
1827
1125
1075
473
1597
1443
1583
731
307
1687
1767
1417
551
1999
953
2023
2019
1331
1427
33
443
745
1371
501
723
1567
1493
1925
667
1559
873
103
19
2033
959
1033
1717
477
1897
123
649
1255
1519
537
607
231
467
17
705
1771
1603
23
701
797
49
225
1473
1889
427
1279
1649
1115
1333
1065
1453
1935
1079
599
167
497
709
619
449
1859
1145
1611
283
401
1391
865
1801
577
567
431
487
1283
1995
1053
603
1015
463
491
39
1119
1877
887
1625
293
949
55
1571
1005
919
861
1977
965
193
857
379
1049
799
757
1911
685
1791
647
601
1619
827
1947
1481
809
925
93
1337
499
1405
1143
213
955
301
2031
5
1477
1535
1523
277
417
1181
523
755
65
1667
253
1541
1037
1909
665
871
121
1685
835
1281
787
1495
475
1225
1965
711
343
1711
1387
439
1227
947
1633
683
1463
325
1743
591
207
1109
113
1239
575
1613
1857
547
1761
1249
1309
195
335
1341
117
1429
315
203
263
1089
1585
863
1617
1197
2041
1083
1803
2025
571
419
777
37
435
527
1071
1631
35
429
801
145
521
1677
1263
727
543
369
737
175
265
309
1945
669
605
243
1509
1865
719
279
1213
1031
1233
1497
1539
1629
297
1903
1941
1549
1561
1661
1003
1933
1581
377
645
411
1741
381
749
1485
1435
1609
541
191
1675
675
461
609
1635
305
1969
1557
1545
1301
357
2017
637
135
365
303
367
2005
1191
1129
1019
1287
1407
1753
999
1095
1367
983
1185
1723
1531
877
1987
1569
1007
267
545
291
1905
613
891
921
587
1451
105
1183
811
261
1653
2007
1673
457
169
1871
137
1025
1081
1837
259
503
825
505
2011
1881
775
1775
693
1923
1937
143
269
1313
1855
215
1397
403
1527
1739
275
1779
627
763
1103
1173
489
1471
53
1875
1863
1317
77
1973
1815
385
1709
1359
1303
1547
159
1467
839
1439
1295
1589
1893
11
495
931
361
45
515
695
897
845
353
1069
363
805
1257
1819
793
1273
1645
1275
221
337
1795
615
937
1339
407
1445
691
1203
509
519
893
1369
391
1623
1697
885
1669
257
1201
533
997
783
1
791
329
1873
1757
1701
81
813
525
593
1231
1931
1135
769
561
1013
1851
1399
1867
1785
1773
387
1793
1971
907
1939
1707
1483
1927
1607
1915
943
557
1953
779
1141
977
1455
1525
915
1553
785
1807
333
1823
469
43
1979
901
1533
1489
721
513
923
241
133
729
1981
1107
823
565
199
1479
1899
1355
227
1853
2003
95
1885
1347
129
611
433
1345
131
1297
1395
867
281
889
239
405
1593
1869
581
563
753
771
75
1179
445
1289
1459
1595
1305
743
903
1127
1799
1503
1351
153
1919
1193
1921
1353
583
1285
1901
481
1415
173
1657
1985
2045
1319
1683
1809
1111
1811
1169
1247
1639
1637
1177
157
663
1963
1175
1383
1615
1663
1465
397
553
425
559
511
1377
855
423
1789
189
849
1269
1329
185
1513
1433
1751
89
1139
1413
747
539
735
73
653
1171
1505
715
393
1027
851
739
1713
29
1441
1325
1327
1839
1051
1719
973
1085
1219
1695
657
1655
1887
899
479
1023
1165
115
451
1423
1805
995
1189
9
1393
1765
1211
639
7
831
1835
