1689
181
629
1635
13
1759
743
387
265
1561
751
733
1585
1531
1763
1619
1379
1993
1093
1143
225
1267
1641
825
855
1419
887
1915
541
1545
845
2001
47
759
1643
521
1033
901
779
1439
1243
1609
2005
1177
363
935
1123
529
1095
429
1767
1963
1341
545
925
1827
851
599
1131
1715
535
1957
1151
1239
1749
1845
1009
1261
427
501
1201
1953
413
1237
715
435
123
195
1235
409
337
1015
53
331
151
1027
863
697
475
345
425
1309
1383
1805
829
415
369
1511
865
1321
487
1723
2027
301
187
723
439
283
669
1001
593
1139
1197
1445
167
1005
919
1639
327
1919
977
479
1735
1563
1333
953
933
1451
811
1097
1867
1553
61
1673
1469
1807
1961
1447
241
1057
1499
657
495
451
1327
1059
1577
807
1127
203
689
1361
1489
69
1853
1193
1977
205
989
1455
1773
1265
1433
955
121
1665
1515
1997
1373
147
523
499
749
109
549
1569
355
391
153
1365
1989
1579
1449
507
1495
2011
1203
621
815
553
33
1035
1367
1907
861
679
1691
1895
379
1843
1363
843
35
969
1191
1427
763
573
1955
771
491
903
1371
783
1615
213
407
201
893
729
941
873
1791
735
1053
1315
1165
1435
77
1175
949
335
1293
617
823
1779
875
2033
23
1587
1353
1291
1855
899
951
465
1909
1651
687
1653
1505
1231
517
1179
397
1521
987
891
1667
1437
461
1999
1565
1811
239
1535
1311
993
1479
1589
1847
399
1839
263
329
1359
71
497
175
563
317
271
641
1711
923
1995
1875
1649
897
9
421
1879
1457
1497
615
1137
1317
1041
279
227
1737
11
209
765
1185
1583
1019
161
445
185
1891
1729
359
1547
1407
1905
1931
1153
2043
849
761
1251
683
1969
1647
515
259
1003
125
1303
457
1541
1575
193
145
1633
1215
1269
281
1075
17
1221
229
441
747
1369
1765
983
477
1685
211
49
1345
971
601
931
1809
1223
289
1453
1519
1077
947
1567
979
1157
1801
1693
1537
1661
137
1133
1167
1981
1163
587
411
1103
1065
835
1899
325
1105
237
1629
755
1743
1147
1507
1263
1829
1655
731
939
895
1279
913
531
713
1061
1731
361
215
665
1051
881
87
1271
1911
1385
1273
1625
605
739
159
841
357
1295
817
997
115
905
371
917
1745
781
503
1067
1487
1299
1949
1161
1901
1429
1621
1245
319
773
1013
295
1887
505
1817
81
1337
135
173
1477
1229
351
741
169
785
1975
1255
1983
1669
1837
537
485
75
1599
2035
249
5
1707
1467
693
1943
1225
107
753
1023
937
945
1063
813
1701
1421
1889
1091
393
1079
1543
219
1465
299
143
1525
1859
1551
1037
711
41
1719
701
453
995
323
1687
2017
459
1213
1539
1741
353
1733
1409
91
1821
985
1173
1099
1113
1799
609
1753
1121
1631
915
1761
627
1017
889
589
681
311
555
1339
659
1397
509
383
93
757
67
285
1039
1699
1917
1705
1159
1413
1757
111
1991
1751
1979
719
635
1967
1873
1555
303
1083
1965
1475
1249
1627
117
551
1987
837
255
1863
1233
721
1491
981
57
685
767
1851
579
235
961
1523
1347
1573
799
1709
571
1681
1677
1355
1857
2029
155
867
1471
991
653
1503
1087
623
1405
2025
1195
339
297
1441
1111
59
1623
1637
79
1171
1815
1605
637
65
1607
395
831
1493
1739
727
223
1463
2013
801
431
911
857
1323
25
847
381
1393
385
1683
367
1181
231
113
375
1703
927
1281
1861
1823
1717
1307
625
1101
199
45
1219
1775
1927
557
2023
2039
1325
1925
437
1069
1527
277
1697
1481
1391
1007
1275
51
975
1401
1125
197
39
561
127
1597
1611
377
2031
527
463
1431
233
1865
89
793
133
663
217
85
55
607
7
1395
859
1029
2045
1473
745
1725
321
333
533
21
163
1183
1389
243
1727
2015
631
131
1117
1549
1031
1443
1351
481
1025
1581
797
1923
1381
1591
1403
99
791
287
347
2037
645
261
3
1951
1045
1253
1797
177
103
1781
525
1877
1289
247
1107
883
795
707
1241
1941
871
1617
373
839
1755
647
1055
1885
267
1935
1787
1411
639
1313
313
885
675
1343
171
2003
907
1187
1483
1047
1119
1387
703
1415
141
1211
1011
365
821
1849
1601
1377
2041
619
1897
1559
165
1081
253
1331
73
1883
1319
769
691
613
1789
493
1945
1777
1929
419
467
449
1375
455
389
95
269
1501
677
2007
1721
1145
1357
1933
1663
567
1425
1461
341
101
585
1645
819
273
19
1613
877
973
471
291
1423
2021
1571
655
661
423
1021
275
827
1513
2009
1329
777
417
805
1509
957
1793
1769
191
15
251
559
129
1
787
1603
575
1783
789
105
513
1881
245
1831
31
869
963
1869
643
1399
1973
695
667
43
1659
1129
1141
37
921
965
803
547
207
1049
1893
1277
1155
1349
157
221
591
1557
565
179
2019
473
119
1169
633
1695
401
519
1071
1305
1209
1713
1459
1593
1833
1207
349
1335
1485
577
1841
1819
603
699
149
1903
1217
139
1595
879
943
1417
293
1747
833
775
257
853
1285
1795
1115
189
2047
343
1517
1301
1771
1913
315
1189
1971
999
651
1947
581
1835
1985
597
967
309
705
611
305
737
1073
1937
1135
569
403
469
595
725
1089
543
1297
1871
1671
1283
483
539
1287
63
673
1825
1785
1043
1259
1199
717
959
1679
307
29
809
1533
583
1529
929
433
183
649
1247
83
27
1149
1939
97
1675
671
1813
909
1257
1657
447
1109
405
443
1921
1227
1085
709
1803
511
489
1205
1959
