1489
587
185
1985
1367
1431
1467
365
1757
1349
2025
1779
1807
1205
231
1969
665
931
1477
1259
1809
1633
1529
947
567
69
1463
455
1439
1025
1295
241
343
117
1239
441
807
637
1163
1375
2005
1575
1179
121
573
53
1395
693
549
407
1359
1353
255
733
601
607
27
3
1691
1013
777
1269
1321
1387
2037
597
317
129
247
1487
1563
633
1107
411
1891
785
745
907
787
1189
1987
177
319
1403
1057
1167
527
355
1885
1859
2043
825
387
415
1327
1573
711
1263
21
1071
1701
1717
1979
977
375
113
81
1303
1605
717
805
439
1097
961
719
1313
277
975
143
1393
1865
923
1617
1927
2015
437
897
1601
1235
1903
1783
987
1183
367
1115
1773
209
1671
691
763
511
1657
303
1287
1243
1659
31
381
1427
1615
697
1233
2047
23
1273
841
1613
1627
561
195
1383
249
927
1297
1093
7
417
1777
197
1977
871
1751
1877
1557
621
1725
1937
1729
19
1949
1967
553
1567
859
615
1061
175
361
87
749
1275
395
579
847
1053
109
2035
267
1099
25
1881
611
853
449
1125
1457
1603
1031
1079
309
791
1103
103
867
1195
883
793
679
1867
1537
619
877
207
1889
153
1419
991
219
1415
1133
835
971
457
1593
1409
845
663
1199
133
767
1339
1261
857
943
1909
903
251
1829
727
1765
95
1037
1217
1077
781
1067
1301
1525
1043
2045
1945
75
1685
1963
639
945
1609
1703
279
413
1277
1523
477
1015
9
625
1803
1083
99
1231
1813
397
1917
1695
739
589
1581
1055
1493
1027
1023
1805
571
359
1901
379
599
703
1569
393
421
1739
401
377
391
921
1309
1169
1825
1785
1193
1925
1497
613
1815
1975
47
1441
479
525
405
1801
2031
1051
985
1741
1961
1373
1005
989
973
483
1447
501
1069
1267
487
1555
1059
1635
1965
91
1767
1641
1357
29
1223
1677
657
1455
2009
1381
1215
681
233
235
1661
1009
105
699
223
409
1355
1095
1547
1479
983
817
273
1579
119
1983
1795
1019
445
1637
1281
1509
1237
1833
1141
963
673
337
485
383
569
713
1417
779
731
1121
1503
595
1853
497
999
1799
653
955
1655
1501
295
199
115
1723
1907
297
1021
1429
131
1351
855
1089
865
1513
465
1011
1673
799
695
423
221
1331
1697
147
63
107
1049
1197
913
5
187
1887
1091
1769
179
101
1971
1221
1707
1033
1435
1629
239
849
1791
765
1533
1553
709
979
1159
1085
1595
1755
995
949
1003
213
499
721
285
901
1905
453
15
1735
547
689
1425
1363
683
583
757
1943
261
1893
1737
1379
993
1443
1371
167
1521
529
321
1993
1995
1361
851
433
1561
759
2027
269
1227
617
1549
1759
1599
1087
97
2029
1413
1583
707
1997
1749
225
1505
649
1527
369
1017
1625
299
157
2011
813
1401
357
491
1955
827
565
555
215
823
503
1797
581
677
1709
311
427
1029
1607
55
1681
1511
469
1869
165
1255
1245
741
349
1329
1645
623
1459
1821
345
1135
1619
1153
1941
313
1687
1175
443
1845
1407
1871
243
1397
891
291
647
559
1117
1347
889
1989
1461
253
939
541
245
315
463
735
429
929
1531
389
61
635
789
1249
1499
1589
521
1919
1653
1745
489
1823
159
351
1541
815
1835
1491
1665
301
1753
183
831
1219
71
1035
201
1143
651
1109
919
1345
959
305
685
1611
837
575
493
1763
51
2023
353
1875
517
1863
11
661
1471
861
1123
461
17
1669
1473
211
795
1683
667
535
1317
1065
1911
137
57
1775
33
1535
1631
1663
1229
1161
1623
293
2001
761
1191
1319
163
873
2033
1307
1693
1265
265
1201
915
563
911
205
1391
967
1337
1667
1001
1935
1075
1113
937
1433
1423
1171
545
77
467
41
2041
1325
1543
1957
169
1399
1129
281
951
1101
1789
1173
969
811
917
335
1585
1847
769
1711
1591
539
809
1045
181
1515
775
1445
839
89
1721
863
643
515
1731
1147
537
519
543
1289
701
189
1421
729
35
1465
1323
1335
1207
139
629
331
1333
141
2021
513
111
1481
1705
2013
755
1781
1539
1213
65
1517
451
1285
289
1933
37
551
893
1841
773
1643
1039
1873
495
591
1279
39
1105
271
1727
1247
1699
1377
1299
1155
135
1257
1127
747
1827
997
1385
1899
1453
2019
533
1365
887
227
1831
1577
723
505
1545
1761
127
905
339
307
819
941
1495
1111
151
1405
431
13
363
1621
191
1271
1839
1073
641
531
1719
1679
593
843
373
1131
631
435
399
1341
155
1369
1857
1081
655
481
1139
145
79
161
1851
1953
743
705
93
1587
329
899
627
1923
1063
1939
829
833
1469
1145
1389
1475
879
283
1991
333
1713
509
895
965
783
1483
1947
203
1689
1181
659
1571
1565
2017
83
237
275
45
1915
1973
43
327
49
257
1897
753
981
751
1507
1819
869
1883
1931
1771
801
67
1137
585
1449
1437
1451
771
1743
1715
125
1959
123
925
1311
1999
1837
1315
347
229
1047
1639
1647
1551
419
1855
1041
385
173
1913
909
1187
1793
447
1293
1211
403
1149
263
2003
1843
1343
471
1559
259
1251
821
1225
1929
1
1651
1185
2007
149
957
1951
1849
1519
1157
1733
1861
1649
2039
669
1203
523
577
287
459
1119
1879
473
1305
675
1253
1411
425
797
687
671
645
725
85
341
715
1597
1811
935
1283
475
1165
885
1485
1007
1209
323
609
1817
171
59
1895
933
507
557
1747
371
1787
603
193
73
1177
217
1291
737
1921
1981
1675
875
803
605
953
1241
881
1151
325
