947
103
213
91
31
463
453
1123
1501
983
955
267
237
517
1379
1815
1509
1335
425
21
61
365
631
1049
217
77
1251
2015
1561
349
115
1985
2009
485
1667
1663
373
669
1741
1271
227
555
2007
1401
1807
81
641
37
805
719
1153
205
935
1921
1941
633
1623
571
1089
1517
1939
1913
283
1337
2047
23
325
1053
1833
991
911
905
1333
69
1563
1713
1781
417
1371
1247
1407
2023
1923
291
1051
25
27
1045
1967
511
705
311
1399
887
1063
9
1969
941
1799
1545
471
1875
1565
745
487
1145
661
1591
1557
1959
1651
893
1077
569
1585
1267
19
207
1485
713
1387
589
1061
769
797
1645
547
149
157
657
421
1075
1299
1109
975
839
679
1711
913
449
333
483
1261
883
211
1059
1725
1511
323
1691
1245
1449
1427
933
307
403
359
249
1733
301
915
1779
407
1281
1173
171
1069
1415
1731
1021
845
1649
259
1899
1785
1795
599
1157
1147
1865
1201
265
645
1987
531
973
1047
477
183
1373
1471
457
1105
1693
1849
609
299
1351
1989
2033
119
1489
849
931
175
51
1473
687
99
1853
1161
347
1133
1893
1417
781
1493
1905
807
401
1869
561
1375
1203
1671
1579
961
1255
963
389
385
105
765
257
269
715
219
1393
1139
443
1809
1135
1411
675
337
1345
1697
1955
1273
1243
1699
1757
1097
35
2035
857
1555
1745
709
399
1451
2037
921
381
757
1119
881
1887
3
959
847
1657
1091
2027
663
1439
537
1793
1789
415
1419
101
1223
1677
1707
409
1327
825
43
1723
1615
1737
1499
83
1999
1017
1567
1469
543
319
559
1111
907
1689
1631
871
435
1277
1611
771
189
93
1541
1687
343
1519
683
1507
1191
1093
1391
1183
999
1429
1259
375
969
1873
1641
681
993
55
33
727
643
1721
413
85
1515
121
1627
335
1315
1995
1775
271
829
243
721
263
461
1323
371
541
821
1181
835
1001
73
1907
579
1071
1177
303
1217
729
1927
133
11
1353
629
151
737
591
1149
1811
505
201
1137
1595
1979
1015
1621
1729
479
1983
67
1619
1603
1341
47
1637
1475
1605
203
1559
899
1607
795
1377
107
427
773
1739
1531
2003
811
583
275
1347
1819
1801
437
863
891
397
747
867
1825
1803
1367
943
2011
939
859
671
15
1031
315
1629
1421
981
1235
1937
1079
253
109
1521
707
615
1593
841
1311
423
331
1991
1761
1683
1179
363
1889
1587
853
391
53
1661
339
295
1227
861
817
639
495
57
1043
1903
1639
1951
357
775
1549
79
1533
1963
1477
791
897
1539
1915
1103
1013
581
767
209
141
1859
925
527
1121
225
1643
179
759
1033
1901
689
1005
239
329
1747
1437
539
1885
429
673
235
1659
1231
1099
1081
199
627
1497
1835
147
1695
1443
1101
285
743
255
1535
1947
2001
1263
155
1389
593
1199
231
1765
917
1155
1571
1359
869
837
1577
525
603
831
1035
2021
695
873
167
13
909
1583
1581
877
353
523
617
89
605
697
1957
1495
1381
129
701
2025
367
1575
475
1423
379
181
1981
2045
1829
1065
827
1513
823
501
1841
1527
1491
1209
1233
1453
833
1543
613
169
17
1369
1665
491
607
1257
677
87
1197
1719
623
919
1175
1679
387
575
625
777
1505
405
587
369
735
1305
1883
1851
1023
433
247
1599
1743
1073
1405
723
2013
1655
1115
901
277
137
761
573
1317
749
1225
1949
937
1705
459
2019
29
355
521
233
1265
1425
1653
753
1771
223
345
1625
395
465
499
509
1039
731
1289
529
1897
1843
305
7
985
1685
557
1455
1095
1355
327
139
431
1019
647
621
1163
135
493
95
489
693
1141
1385
611
317
1003
1817
293
929
1461
1881
165
967
1617
1213
1207
1113
751
1751
5
2031
41
1977
995
1805
703
1525
1633
313
601
419
1895
725
1205
779
1301
251
895
503
361
1193
1087
739
1249
1783
1011
1433
197
945
1457
1635
1395
1777
383
469
1465
515
1483
75
655
1935
1275
889
1219
497
1331
439
1041
649
1975
131
1753
1151
1009
1463
1297
855
2029
1309
1943
1973
1831
1029
411
1027
1085
117
49
1879
1
1993
1361
923
989
1187
455
1931
127
1945
803
741
451
1601
185
1467
1167
1997
1037
879
1701
1055
793
1735
193
1749
563
1821
1971
481
173
1169
1715
1067
1861
957
1827
553
567
813
1813
875
1911
71
1313
1929
1383
113
785
1325
1125
65
1143
123
733
1767
977
39
699
1339
467
289
1447
1283
1293
1709
637
97
597
1823
221
1215
1917
809
1413
1279
163
1925
1057
865
851
1877
1441
1551
153
1647
1863
441
1703
229
1127
1503
1953
763
1007
903
1597
1669
1025
241
377
1857
1459
473
1403
1319
445
187
1791
1673
1329
2041
1675
1189
1229
393
2043
1573
2039
1343
1237
1839
2017
1773
595
1185
245
1239
927
1397
507
1487
1961
125
953
297
651
447
717
63
551
1845
1435
1083
1253
1131
667
801
1307
1365
519
513
1797
1107
191
1295
783
815
273
1553
577
309
885
549
987
1165
1221
1965
619
1755
565
1117
1613
965
1171
1891
799
1269
45
1867
665
789
1609
1211
971
1787
2005
1837
1129
1919
1537
111
659
1363
177
691
351
1763
711
1523
819
1321
585
1569
59
951
535
1195
161
1933
1855
159
1681
1717
1349
1303
195
341
1479
1481
1285
1847
261
145
143
1159
1909
215
635
1871
321
1241
545
979
1445
287
533
1769
1727
1357
1529
1287
1431
653
1409
1291
1547
1589
843
949
1759
787
755
281
279
997
685
