511
1607
633
273
187
67
579
1431
1337
465
573
1099
229
703
1491
547
831
1237
75
1879
525
1813
1393
1781
391
1143
165
989
1619
549
877
643
1975
909
1485
1177
1839
169
669
1863
771
1667
323
1753
601
1661
945
1403
1615
901
19
1427
1077
865
189
905
969
1553
1969
1759
1213
2009
765
2007
875
887
1897
587
1037
1017
339
7
419
853
2031
943
1219
787
343
321
1043
987
1623
459
71
123
597
1633
1755
1581
599
1353
717
1819
1399
477
639
429
1381
1793
1599
299
341
513
239
1271
47
807
1543
1159
1199
957
757
995
773
1281
1763
1089
1005
521
37
1091
159
1059
1409
1179
631
1647
15
1741
1641
1829
1601
1443
1979
1125
349
135
1657
1573
965
355
565
2025
1305
435
23
1483
1645
367
1211
2023
1843
309
89
209
1339
1893
1821
1301
915
11
1173
1227
921
1705
731
1377
1049
2033
1939
647
919
1291
997
1279
1079
197
939
2047
137
1019
785
695
1887
1097
1729
1579
147
799
617
1335
1251
215
881
1299
1187
1807
661
823
379
9
1415
17
1153
2041
1797
2035
1001
501
1555
1257
1509
827
1223
1471
1313
121
1395
205
1437
1181
483
305
1311
363
325
241
271
1073
1055
1015
1737
1
1861
1263
553
1503
1501
1849
1385
1997
291
1351
1319
1031
821
693
2039
479
1423
1275
1899
1481
73
1655
195
77
1355
49
975
809
1193
283
1515
423
257
593
651
1469
851
1531
1533
79
829
1809
1837
1107
347
1719
1075
535
1787
889
227
225
1587
387
425
359
1453
1525
133
1287
1949
719
371
13
801
495
1875
1009
583
963
1957
1021
529
1771
613
555
2021
203
175
223
191
1463
545
879
1183
29
759
509
1855
1963
985
1583
3
125
733
1215
635
527
1867
167
741
1681
623
681
57
213
1539
1369
533
237
497
1429
45
1757
1367
119
1465
1467
819
1149
245
1743
489
531
691
843
411
2019
1225
161
265
1517
845
1085
1717
1593
603
537
675
111
973
141
369
1947
971
589
1589
1707
1133
1093
127
1937
185
1857
977
567
393
117
707
403
991
1907
835
487
421
99
1389
193
641
21
383
155
937
575
35
1217
1917
595
1235
805
1663
1303
413
1625
923
247
1557
115
1631
285
1103
1447
327
1255
1923
1171
1991
1825
1877
1671
1683
1751
947
183
1621
1527
83
1165
129
1229
433
289
861
659
591
101
1869
1045
743
1591
1433
777
813
925
139
1289
397
1029
399
1791
885
1441
1363
2027
145
715
1449
1285
1847
295
1477
1105
1343
1523
1135
1571
657
1457
85
2029
775
143
1247
1419
1669
1391
1675
449
389
1191
1061
91
779
897
1929
629
277
361
1265
1161
1345
1865
1083
1163
1051
1195
1689
311
211
543
1559
713
1379
1033
405
1417
1701
605
1063
443
903
1341
1259
1209
1123
409
1905
697
1473
1885
51
1903
685
1563
871
1815
1853
983
1185
1349
1069
415
749
1977
171
755
1113
53
1779
519
151
1999
267
445
281
895
1831
1783
1851
103
849
1365
1371
869
315
1535
721
653
431
515
105
1767
541
941
1137
1277
1985
25
303
1921
517
683
551
1789
1895
1873
131
1101
1959
471
1141
783
1023
1541
1425
1725
1561
571
505
761
677
1529
41
1241
1041
1827
1605
621
1127
1387
113
1361
287
149
615
1521
891
747
1507
69
173
385
1799
931
745
317
65
1597
1565
55
1769
679
1609
107
817
873
1595
1121
467
1151
451
1221
539
1231
351
2001
1901
1499
1845
491
1693
803
1297
153
357
763
473
1003
1665
1207
1511
753
335
1039
859
1495
481
1603
1627
999
39
43
1747
927
1833
663
249
507
789
739
1933
163
953
1635
867
1703
297
863
1317
1357
979
1283
1551
1971
1761
645
1909
1795
955
1493
687
689
899
1035
1321
1987
1889
1293
1027
1233
1695
949
751
1411
913
611
455
1081
1405
1697
1397
395
2015
61
769
235
561
1723
1941
1243
1643
1489
671
725
1461
833
1025
453
959
1309
329
797
1383
1359
667
1439
961
709
907
475
1649
1175
1119
1203
951
1773
1871
381
5
1095
2013
1115
1109
375
619
701
1013
407
673
1883
333
1295
1071
31
2045
929
179
2003
1575
563
557
1679
253
1513
1811
461
627
825
993
233
463
87
1777
1145
1911
1129
1735
1407
1067
569
1677
1201
93
607
331
1253
1931
1169
1549
839
1505
649
199
1739
1567
1327
231
263
967
581
1659
1745
729
469
1775
439
1841
1943
447
345
1205
1475
727
293
221
855
1375
1413
207
1733
1445
217
1989
1691
243
1497
1965
1373
1323
427
353
1269
1935
577
811
1951
1273
699
1817
1189
637
313
1983
377
201
499
791
1147
1577
705
1651
655
493
1995
1639
1611
1687
1157
1823
737
1913
269
1927
1711
1333
373
1699
847
1859
935
1167
2005
1329
1955
1239
1653
97
457
1111
1805
1547
1961
1731
883
1249
1881
301
793
1047
1261
1629
1455
417
1401
1925
437
559
1435
665
1053
2043
1637
261
219
1891
609
917
1451
837
319
1139
1519
1245
1721
893
1673
1421
1945
1307
981
2011
1973
735
1065
857
401
109
1487
723
307
1331
1569
1131
1197
275
625
711
1117
1347
1993
1953
2017
1315
1801
95
841
181
177
59
815
1727
1459
1011
1613
1685
1537
1713
1967
1585
441
81
485
1709
1835
911
1057
157
1785
259
933
1765
2037
523
1267
781
279
767
585
1919
1007
255
1915
251
1087
1803
1715
1479
365
33
63
795
1155
1749
27
503
1325
1545
1617
1981
337
