1055
1955
1605
931
341
569
1057
1241
835
1197
857
259
1665
733
1669
1801
1311
419
325
1159
1779
1621
739
519
599
1455
1843
909
743
823
859
191
2021
1519
395
577
2007
95
1229
59
1731
1777
1521
2001
1273
567
1031
1747
767
1723
905
1683
789
1403
1995
561
1237
439
33
687
1141
1817
955
1181
1135
473
943
1889
2031
1497
1467
353
1833
205
505
1649
845
839
1577
723
117
511
1075
91
1841
901
1023
1065
1951
1957
159
545
1079
1443
1739
1661
841
627
185
1353
2015
1321
883
1213
1783
1261
415
37
193
21
1429
1491
1787
1945
781
43
1147
1247
1035
1449
1741
1033
459
257
133
39
1281
239
355
939
221
1163
871
405
1897
1561
1151
1113
1379
349
1367
1883
571
433
1831
1603
1825
1177
1921
1611
537
523
1101
343
1461
585
237
847
813
1143
1879
1659
1781
1005
1775
337
1483
941
1903
517
1287
1865
1217
497
11
365
1069
359
695
1001
1735
1493
1471
1807
13
1145
647
331
1269
407
67
5
1121
1905
1541
1837
2039
873
1813
449
2037
2009
1017
747
1091
1569
1133
2023
143
1415
447
1873
413
213
25
1049
791
741
597
87
893
919
619
1203
1341
737
669
1983
1615
157
2011
975
1581
1757
1589
967
1705
865
1371
1255
141
587
1185
1729
293
229
363
1447
361
1463
1087
1895
869
255
1689
477
665
971
1627
993
1499
1037
765
1161
1681
1633
527
1119
1439
1715
605
591
1445
273
393
1149
1771
1885
1725
207
831
471
1525
1761
2033
1323
369
1967
1251
507
565
709
1993
745
383
1221
651
1853
243
1137
793
1359
215
269
1647
2019
125
607
397
1969
491
1317
1767
321
187
947
513
297
1009
1329
1625
933
97
1711
1457
299
151
541
1495
427
19
1737
1103
1573
817
579
995
2041
657
1793
475
863
777
1653
1663
137
935
1855
987
1473
1849
623
371
821
1375
775
769
625
409
925
1131
2003
1859
1441
317
1617
135
843
595
999
533
1395
1575
609
583
3
445
553
1571
1179
897
177
387
1169
429
557
631
453
183
997
1465
1719
315
47
69
303
1275
755
1527
593
1513
1639
1173
1697
559
1929
641
629
671
1695
531
589
1805
403
289
231
855
1081
1523
1225
1191
1391
1199
1171
1211
719
1245
1557
265
1585
1529
1565
1773
1313
877
2035
961
957
529
1059
145
759
661
703
1083
1547
1043
1699
763
1631
637
1437
277
27
663
1277
35
305
1239
1827
1039
1029
323
149
307
455
1645
1097
1679
217
85
1539
1363
1961
885
851
1917
903
693
1511
1861
1335
435
907
1549
173
539
1745
1243
1045
1327
1019
617
1953
421
1899
1989
339
275
71
653
1901
1869
1555
1717
279
77
469
417
563
495
181
377
603
1563
1593
479
1417
53
697
1485
1027
295
1947
1299
1803
41
785
1925
701
1421
487
881
749
101
1685
895
1377
889
1751
1479
1195
49
1423
7
1517
707
1819
985
1007
879
699
1295
1383
1189
761
853
1543
2045
103
1053
1489
1357
621
1687
493
983
679
1503
463
165
1307
1931
1927
977
1599
1253
1291
211
911
503
1857
17
1109
1509
1847
1265
1165
335
2005
1405
89
1613
535
261
45
167
1721
65
51
1963
1013
1385
1351
161
271
1979
485
1235
1997
15
1971
913
1257
1943
1105
1863
681
267
1597
861
1755
461
1753
1393
615
451
1115
1073
1021
833
1401
549
1331
1629
1475
1875
1809
1283
1619
887
1667
1003
771
251
1413
1839
1505
1959
1343
1309
659
1301
1285
201
1451
1381
123
437
381
115
113
1349
1691
1067
223
107
1919
1355
1677
1425
481
811
1981
1387
645
923
633
1219
285
1209
139
1397
2047
1535
1477
1941
79
973
2025
1701
773
1249
1205
1623
1935
899
121
705
245
649
391
1655
1591
291
1977
1305
965
1799
735
1071
1789
1111
867
351
425
1117
489
1319
1389
959
1907
1233
795
807
379
555
247
1703
1743
547
1047
787
197
61
319
815
1515
751
1433
1727
465
109
1867
1671
467
175
411
1175
57
31
2043
969
1427
347
81
915
83
357
1419
1985
1011
1641
953
509
1227
1815
1061
1469
1811
779
1085
543
819
1657
1365
1909
309
1835
1871
1763
1231
639
937
111
63
219
1987
1651
675
797
263
1325
613
1609
227
829
601
677
1015
195
1709
203
1345
1407
171
753
1851
1765
1749
1153
1915
1187
1821
1791
1707
1795
189
1965
1125
93
119
1279
837
643
225
801
1973
1913
1369
849
1293
757
1829
1127
199
1891
1553
1411
1693
711
1025
949
721
551
129
991
1167
1129
1733
401
385
715
803
283
241
1567
581
29
1453
1459
1107
23
367
981
1155
1063
1099
1545
1501
1533
1607
1579
1675
1601
1337
287
1487
827
1259
731
1893
1635
1303
1089
1347
921
1845
1201
375
1923
1637
729
249
1409
499
515
1339
683
1077
483
233
1999
169
1933
1643
573
1559
1507
1289
691
373
1051
805
783
1215
1551
1431
1759
927
1595
1785
727
963
105
2017
1881
75
1583
1975
179
1297
875
163
1263
153
1481
655
667
1
521
929
1797
1267
431
611
281
253
1223
1887
1139
1399
575
55
525
1333
9
1095
209
1193
327
1991
1531
311
99
1373
1939
423
1769
313
917
825
389
1157
809
717
1823
1435
1587
673
1207
799
345
73
1123
155
457
685
1315
1877
131
2013
1361
1271
1949
2029
301
725
501
441
1673
329
399
951
333
127
235
891
945
1537
1937
713
1183
1911
2027
989
689
443
1041
1713
147
635
1093
979
