1071
1089
797
79
1525
163
513
1191
767
1661
1155
1953
383
1163
1883
1665
525
1325
243
731
675
1781
1067
1527
617
247
1419
389
293
1423
1187
1135
363
2031
1549
471
607
1855
1489
463
631
381
1503
1801
1349
1295
769
357
1649
1687
1955
901
2033
1933
1679
839
1711
1261
2021
1367
557
1439
1823
1051
459
991
657
445
1819
1713
527
461
1695
1663
1815
1209
391
545
819
1911
1851
1569
651
1769
5
149
131
1421
1259
1507
929
1077
1493
509
1219
435
337
1389
1585
1587
313
385
851
1509
1017
407
1659
801
1095
603
1473
351
1271
281
387
1877
409
135
77
587
807
125
615
1905
97
71
771
443
1597
1639
1355
1613
1599
1129
349
1979
1039
1567
1909
1833
1111
591
1617
221
1519
1863
47
893
1365
1667
989
859
1189
519
1373
841
403
1387
267
1289
1237
887
1783
2047
647
89
437
141
2043
1119
341
983
429
1075
411
803
1539
563
1773
653
975
1719
665
1925
523
611
1627
691
599
1767
465
693
721
787
1593
241
1747
127
1251
289
205
517
1757
535
1709
1339
1631
503
845
1565
1965
1845
413
933
837
171
1093
1069
1249
1315
1175
1121
1929
399
1257
347
379
1203
1969
457
1037
273
1083
909
1381
925
283
427
1997
137
1635
1867
1557
931
1499
579
777
953
1983
1207
1275
1961
515
1137
1923
1589
1765
1971
825
805
1785
869
367
643
179
1461
1645
963
873
1849
1751
1885
197
113
559
1459
1123
455
109
965
297
2029
729
1279
117
903
773
7
287
1009
1805
1651
201
1335
333
1403
2039
193
719
815
1193
237
1337
811
145
935
949
1483
791
1755
573
1743
1087
151
581
1671
979
1063
737
1957
673
829
707
913
1479
857
575
973
1143
227
941
1305
2045
1321
1609
529
1985
1001
1433
1571
73
301
1697
253
307
1673
3
1919
1891
661
1293
1675
1963
1745
1791
659
85
1379
355
1981
817
1059
107
1343
1577
761
1347
271
1217
1619
265
2019
677
703
51
1993
103
1491
697
987
291
1591
1053
263
749
1495
1727
689
1299
1601
2005
1809
433
765
981
945
2011
639
569
1763
939
1435
597
1429
1397
1741
121
715
993
1425
701
915
635
1227
751
1411
911
2037
1101
1871
65
309
1221
81
219
83
1229
997
2035
1949
1563
129
489
1641
1555
853
1449
1835
739
1895
1329
1333
1117
1761
757
1913
2007
169
1313
1025
713
1879
1247
861
755
1887
1647
875
331
843
511
589
1735
303
783
1195
785
711
397
497
1045
1253
1813
1211
501
493
1921
881
1917
1171
157
229
1973
1691
1889
1413
251
583
669
285
447
2017
1405
453
1197
1223
343
371
969
1283
1107
1181
185
1603
625
937
401
1073
1771
45
621
1287
373
421
61
1213
1041
1183
1655
779
1297
1169
1873
671
1263
261
487
507
793
847
799
1811
1235
1371
203
1357
619
605
705
667
1057
1027
63
405
1285
1859
1799
441
961
971
1185
111
637
123
955
897
1231
641
1897
1907
541
1407
743
1317
1521
213
613
1967
923
1291
485
259
1477
623
753
1179
1323
1243
1015
475
1099
883
115
1729
1717
1573
1581
1749
917
1535
1643
1139
891
1013
57
1445
835
1395
1559
1031
1385
1561
1523
1723
215
1125
1281
1837
595
1351
999
1201
1133
1547
195
1151
101
1657
1437
1391
565
1995
831
759
2009
1999
763
1533
505
9
323
561
143
1625
1945
1241
1065
1097
539
907
593
43
1817
1839
1903
2003
1669
419
985
1975
473
1265
325
1787
871
491
609
209
1959
1693
1447
809
187
1481
833
1277
477
1331
1161
1303
1515
1327
329
577
863
1779
1537
335
99
1033
1215
1927
29
1689
1861
645
33
723
1795
951
1841
795
995
1319
1681
547
1003
1475
2025
1935
865
585
1091
849
2015
183
1443
41
1005
1159
1487
1115
483
1633
1865
1807
1011
733
1733
1363
1825
1653
49
655
87
305
1233
1147
353
1377
11
161
25
159
1881
155
1793
1579
1021
1517
327
1737
167
1513
1393
683
1431
1843
1417
1415
633
1141
1501
679
295
1899
365
947
1061
1677
927
821
1047
495
2013
709
361
451
1803
727
315
277
1821
775
1007
1177
1035
649
1541
1455
199
521
1847
827
1103
59
1453
1553
899
1451
1753
877
269
551
21
233
147
279
1529
1309
717
139
2027
377
345
1575
695
549
1341
921
1267
35
231
685
1721
189
681
2041
1703
13
245
1777
1359
255
1273
55
1173
425
1725
553
393
1941
627
1471
177
1457
855
687
1019
823
1829
1827
1699
1043
2001
889
1049
1353
567
235
1831
395
1269
879
1531
531
1685
39
19
1621
905
533
339
1901
1375
1345
1301
1485
1605
1629
1623
555
1989
747
1607
895
1739
1149
629
1225
311
789
479
1307
663
319
1857
1595
31
1409
37
467
1079
1611
27
699
1551
1081
369
1167
1947
1029
1915
1875
1939
1707
69
1383
1467
1199
1361
571
537
239
1853
191
1127
1931
423
1463
1245
741
481
1369
1987
1
133
601
725
431
23
1543
1797
1109
1991
1615
53
2023
119
95
67
175
943
1683
1511
1789
299
223
1427
1951
1701
499
1239
317
1145
1085
417
17
867
957
1977
211
181
1055
1023
919
415
449
1311
321
375
1937
1583
153
967
1545
1153
745
1113
1637
91
735
781
1775
1469
1715
813
543
1731
207
75
165
359
1893
1399
1465
1943
257
1157
173
1205
1105
217
1705
1165
469
885
1401
1131
93
959
439
1505
275
105
249
1497
977
15
1869
1255
1441
225
1759
